T=[297 1312  2325  3346  4359  5371  6387  7407  8419  9438  10454  11460  12470  13483  14488  15504  16508  17521  18529  19541  20549  21559  22570  23578  24593  25599  26610  27619  28631  29643  30650  31663  32670  33682  34691  35711  36731  37738  38749  39758  40766  41776  42787  43797  44807  45817  46827  47838  48848  49858  50868  51878  52889  53899  54909  55919  56929  57940  58950  59960  60970  61980  62991  64001  65011  66021  67031  68042  69052  70062  71072  72082  73093  74103  75113  76125  77134  78144  79154  80164  81174  82185  83195  84205  85214  86225  87237  88246  89256  90266  91276  92287  93297  94307  95317  96327  97338  98348  99357 ]
C=[	14600.0 160100.0  114400.0  114500.0  137300.0  95900.0  99000.0  106000.0  104400.0  104800.0  112800.0  51200.0  118900.0  124500.0  122400.0  127400.0  126000.0  134700.0  139200.0  150600.0  149100.0  157600.0  156300.0  130900.0  132700.0  119600.0  131400.0  132400.0  133600.0  132700.0  131600.0  138800.0  140900.0  142200.0  92400.0  120300.0  130800.0  140500.0  140700.0  130000.0  162100.0  167500.0  168900.0  168800.0  169100.0  168300.0  169600.0  168700.0  168400.0  169100.0  168300.0  169200.0  167600.0  168600.0  168800.0  168900.0  168700.0  168500.0  169000.0  168800.0  168900.0  168500.0  169000.0  168400.0  168100.0  168900.0  168500.0  168400.0  168200.0  49.409269918206604  0.6399347407209462  0.6378976252103931  168900.0  168900.0  164400.0  170900.0  167900.0  168700.0  169000.0  168100.0  168400.0  168900.0  168900.0  169800.0  168900.0  168800.0  168700.0  168900.0  168600.0  166000.0  169000.0  167300.0  169500.0  170300.0  166900.0  171000.0  168700.0  167500.0  169100.0 ]
AR=[	65 688  492  475  557  403  421  442  434  436  473  216  499  521  511  534  523  561  587  644  637  673  668  568  588  515  554  557  565  560  556  587  594  601  391  511  558  611  611  566  686  709  715  715  716  712  718  715  714  716  714  716  712  715  715  715  716  714  716  715  715  714  716  715  714  716  714  714  714  682  0  0  715  715  696  723  711  715  715  714  711  715  715  720  715  715  715  715  715  703  715  708  717  720  708  723  714  710  716 ]
AB=[	0 0  0  0  0  0  0  0  0  0  0  0  0  0  0  0  0  0  0  0  0  0  0  0  0  0  0  0  0  0  0  0  0  0  0  0  0  0  0  0  0  0  0  0  0  0  0  0  0  0  0  0  0  0  0  0  0  0  0  0  0  0  0  0  0  0  0  0  0  33  711  707  0  0  0  0  0  0  0  0  0  0  0  0  0  0  0  0  0  0  0  0  0  0  0  0  0  0  0 ]
LR=[	42 594  399  342  426  324  369  424  414  420  482  190  406  427  424  452  479  499  506  535  525  572  569  496  528  444  534  532  536  531  532  543  543  549  331  462  512  540  543  486  556  579  584  586  586  582  588  584  585  586  585  584  583  585  585  585  585  585  586  584  586  585  585  585  584  586  585  583  582  560  65  64  585  585  572  589  583  585  585  584  583  585  585  587  585  585  585  585  585  574  584  585  588  585  579  591  580  588  587 ]
LB=[	0 0  0  0  0  0  0  0  0  0  0  0  0  0  0  0  0  0  0  0  0  0  0  0  0  0  0  0  0  0  0  0  0  0  0  0  0  0  0  0  0  0  0  0  0  0  0  0  0  0  0  0  0  0  0  0  0  0  0  0  0  0  0  0  0  0  0  0  0  25  520  517  0  0  0  0  0  0  0  0  0  0  0  0  0  0  0  0  0  0  0  0  0  0  0  0  0  0  0 ]
F=[	0 0  0  0  0  0  0  0  0  0  0  0  0  0  0  0  0  0  0  0  0  0  0  0  0  0  0  0  0  0  0  0  0  0  0  0  0  0  0  0  0  0  0  0  0  0  0  0  0  0  0  0  0  0  0  0  0  0  0  0  0  0  0  0  0  0  0  0  0  3  3  3  3  3  3  3  3  3  3  3  3  3  3  3  3  3  3  3  3  3  3  3  3  3  3  3  3  3  3 ]
X=[	                                                                                                                                                                                                    ]
