T=[1749 2774  3830  4988  6202  7663  9447  11267  12521  13766  16710  18576  19990  21051  22357  24022  25279  27285  28930  30926  31961  33003  34028  35064  36126  37336  38573  40778  41861  43090  44737  45762  46927  47969  49041  50115  51152  52176  54165  56797  58611  59772  60791  61830  62873  63900  64925  65982  67005  68033  69060  70083  71142  72163  73193  74215  75240  76271  77291  78303  79332  80356  81382  82414  83434  84469  85496  86521  87541  88566  89590  90658  91684  92706  94176  95200  96223  97249  98271  99280 ]
C=[	716800.0 1.16819E7  1.17556E7  7450800.0  9038800.0  8992600.0  1.01007E7  6484600.0  6036500.0  7019800.0  7146700.0  6552800.0  1.03732E7  7856900.0  5744700.0  7573700.0  5334200.0  1.06335E7  1.15158E7  7185300.0  8827400.0  9358600.0  1.0274E7  1.09707E7  9198300.0  1.01896E7  9927500.0  8246000.0  6069200.0  1.07222E7  1.22494E7  9188400.0  1.10036E7  9800900.0  9403100.0  9539800.0  1.00376E7  9994000.0  1.24131E7  6389000.0  6663100.0  5182900.0  5619400.0  8816100.0  8313500.0  9225500.0  8072100.0  8372300.0  1.0362E7  1.08058E7  1.09468E7  1.08346E7  0.33922344742036564  0.2600204596322481  0.253292440515454  0.2505060188749555  0.2461488807770718  0.2468677661004567  0.24749501645231223  0.2466244552576711  0.2523063258383114  0.2505619882354581  0.2541745285377768  0.2514580896703004  0.25748282637049946  0.2581421458982685  0.25690194555788154  0.2563204475265077  0.2582666642499073  0.2544254922667174  0.2539443541624823  0.2506229968742225  0.25233717532489425  0.2540484253744952  0.2558298848057114  0.2686253593720694  0.2600341110809638  0.2544181931997734  0.2522766164704065  0.2497791603513792 ]
AR=[	1297 21131  21237  13454  16330  16302  18418  11739  10944  12699  13108  11893  18725  14129  10361  13782  9605  18901  20674  12942  15969  16907  18563  19828  16633  18448  17984  14956  11132  19510  22553  16848  20143  17940  17204  17396  18266  18132  22455  11447  12150  9343  10095  15965  14976  16668  14584  15126  18847  19567  19789  19404  108  0  0  0  0  0  0  0  0  0  0  0  0  0  0  0  0  0  0  0  0  0  0  0  0  0  0  0 ]
AB=[	0 0  0  0  0  0  0  0  0  0  0  0  0  0  0  0  0  0  0  0  0  0  0  0  0  0  0  0  0  0  0  0  0  0  0  0  0  0  0  0  0  0  0  0  0  0  0  0  0  0  0  0  8658  16491  17995  18275  19086  18917  20061  20590  22112  22238  22996  23145  17473  19497  19342  20014  20413  21240  21359  22468  22248  22539  26115  17221  18686  20879  20973  18124 ]
LR=[	1366 20653  20918  13247  17427  17369  19780  11991  11164  12704  12281  11821  18726  13138  9994  13158  9317  18988  20028  12740  15979  16215  18281  19567  16491  18615  18069  14012  9190  17618  21073  16889  20464  18068  16909  17031  17682  17135  21407  10917  12007  9728  10484  16419  15206  16723  14635  15310  19207  19925  20292  19365  5882  11656  12980  13428  13734  13687  14310  14458  15274  15347  15649  15824  11818  13374  13480  13906  14118  14359  14345  15341  15330  15536  17977  12633  14039  14961  15040  13393 ]
LB=[	0 0  0  0  0  0  0  0  0  0  0  0  0  0  0  0  0  0  0  0  0  0  0  0  0  0  0  0  0  0  0  0  0  0  0  0  0  0  0  0  0  0  0  0  0  0  0  0  0  0  0  0  2833  5482  5908  6057  6265  6217  6684  6962  7443  7558  7750  7819  5882  6450  6569  6819  7040  7277  7214  7625  7490  7590  8797  6061  6784  7359  7411  6401 ]
F=[	0 0  0  0  0  0  0  0  0  0  0  0  0  0  0  0  0  0  0  0  0  0  0  0  0  0  0  0  0  0  0  0  0  0  0  0  0  0  0  0  0  0  0  0  0  0  0  0  0  0  0  0  90  90  90  90  90  90  90  90  90  90  90  90  90  90  90  90  90  90  90  90  90  90  90  90  90  90  90  90 ]
X=[	                                                                                                                                                              ]
