T=[3085 5113  7177  9200  11213  13225  15257  17359  19372  21385  23461  25467  27491  29512  31560  33603  35623  37690  39964  42195  44348  46430  48475  50514  52538  54591  56640  58689  60704  62738  64761  66785  68814  70843  72879  74946  77064  79275  81361  83431  85478  87501  89524  91554  93579  95593  97625  99670  101714  103727  105736  107744  109757  111765  113778  115788  117806  119824  121839  123846  125865  127883  129897  131913  133936  135945  137970  140022  142286  144655  146691  148701 ]
C=[	6674300.0 3.90754E7  4.15706E7  4.08466E7  4.05052E7  4.04251E7  4.0925E7  4.20881E7  4.04509E7  4.06516E7  4.17551E7  4.0459E7  4.0672E7  4.0797E7  4.12386E7  4.1149E7  4.08042E7  4.15893E7  4.45964E7  3.74979E7  3.81083E7  4.0317E7  4.05917E7  4.07231E7  4.06592E7  4.12174E7  4.11866E7  4.11175E7  4.06885E7  4.09562E7  4.06833E7  4.06875E7  4.07349E7  4.07708E7  4.07887E7  4.09401E7  4.1313E7  4.07093E7  3.99567E7  4.06119E7  4.09553E7  4.07089E7  4.06458E7  4.08259E7  4.08076E7  4.05913E7  4.0903E7  4.11274E7  4.260351793490522  1.907942099896492  1.9140520862859551  1.9094279657390925  1.9096513349873607  1.9094832044980592  1.9086410087419599  1.9091204029674338  1.90990548401106  1.909536288644367  1.9110436455591913  1.910431772278164  1.9104115600163858  1.910551259686113  1.9091067656138494  1.9091932514932826  1.9096247273384448  1.9095915142876558  1.9119022420204936  1.9445074192571932  2.0017284742833095  2.0262692217736773  1.969269194244368  1.9158759729009138 ]
AR=[	12097 70607  75136  73844  73295  73083  74002  76084  73131  73541  75488  73179  73565  73739  74587  74413  73748  75211  80751  68208  69235  72972  73406  73610  73532  74501  74486  74328  73522  74057  73567  73609  73676  73734  73739  74033  74662  74044  72338  73547  74056  73591  73504  73853  73838  73364  73946  74340  11726  0  0  0  0  0  0  0  0  0  0  0  0  0  0  0  0  0  0  0  0  0  0  0 ]
AB=[	0 0  0  0  0  0  0  0  0  0  0  0  0  0  0  0  0  0  0  0  0  0  0  0  0  0  0  0  0  0  0  0  0  0  0  0  0  0  0  0  0  0  0  0  0  0  0  0  27793  72661  72358  73036  73449  73180  73392  73328  73523  73643  73407  73073  73503  73535  73328  73541  73704  73146  72783  55269  59000  67684  66353  72429 ]
LR=[	12420 70323  74885  73669  73073  72889  73787  75874  72934  73305  75302  72948  73384  73551  74371  74217  73550  74947  80253  70142  70565  73500  73518  73628  73347  74370  74352  74259  73305  73954  73565  73597  73729  73664  73593  73357  74534  74537  72218  73368  73742  73298  73353  73705  73713  73185  73847  74230  30650  48507  48333  48655  48906  48754  48888  48828  48990  49049  48901  48699  48987  49036  48834  48985  49074  48704  48513  40081  42063  48923  46357  48421 ]
LB=[	0 0  0  0  0  0  0  0  0  0  0  0  0  0  0  0  0  0  0  0  0  0  0  0  0  0  0  0  0  0  0  0  0  0  0  0  0  0  0  0  0  0  0  0  0  0  0  0  9279  24225  24218  24323  24454  24380  24431  24426  24492  24520  24443  24336  24498  24511  24424  24485  24552  24342  24185  19010  22043  25645  23549  24230 ]
F=[	0 0  0  0  0  0  0  0  0  0  0  0  0  0  0  0  0  0  0  0  0  0  0  0  0  0  0  0  0  0  0  0  0  0  0  0  0  0  0  0  0  0  0  0  0  0  0  0  30  30  30  30  30  30  30  30  30  30  30  30  30  30  30  30  30  30  30  30  30  30  30  30 ]
X=[	                                                                                                                                              ]
