T=[1401 3426  5463  7477  9511  11538  13574  15589  17619  19670  21682  23737  25761  27779  29798  31807  33828  35851  37874  40215  42454  44581  46645  48698  50721  52746  54793  56834  58847  60872  62896  64953  66979  69028  71092  73229  75310  77451  79611  81738  83793  85842  87880  89898  91913  93935  95953  97972  99989  102015  104116  106129  108138  110146  112155  114161  116182  118191  120214  122232  124249  126266  128282  130298  132311  134323  136331  138697  141196  143382  145478  147497  149512 ]
C=[	1198100.0 3.65247E7  4.07429E7  4.02653E7  4.10141E7  4.08831E7  4.10218E7  4.0387E7  4.03956E7  4.08348E7  4.06703E7  4.10546E7  4.09011E7  4.07865E7  4.07593E7  4.03568E7  4.07518E7  4.08499E7  4.08108E7  4.53628E7  4.36746E7  4.24491E7  4.15842E7  4.1384E7  4.06785E7  4.08199E7  4.10363E7  4.11754E7  4.05162E7  4.09505E7  4.08485E7  4.15155E7  4.0891E7  4.13745E7  4.15976E7  4.27815E7  4.12938E7  4.22984E7  4.25743E7  4.2603E7  4.11366E7  4.1359E7  4.09694E7  4.06947E7  4.0606E7  4.08138E7  4.06983E7  4.08043E7  4.07322E7  268400.0  6.029132479452973  5.915513507445798  5.917337706950674  5.9159631405477855  5.920003620467055  5.926784323508417  5.911689653069592  5.9249209430392575  5.917778652081438  5.918223980827971  5.915110928157461  5.9168508627652185  5.915080024812466  5.9164053369779355  5.916609485534222  5.924529204286653  5.9212532206022335  5.918365980615481  5.911071400799459  6.014975394707922  6.193889651049306  5.932111868369279  5.909014729611496 ]
AR=[	2180 66030  73599  72758  74171  73877  74095  72946  73581  73744  73878  74163  73901  73665  73600  72972  73642  73784  73713  81996  78940  76781  75141  74856  73515  73766  74122  74439  73186  73987  73791  74988  73870  74749  75130  77316  74655  76558  76937  77077  74360  74708  74066  73583  73365  73767  73535  73772  73597  367  4012  34403  34395  34399  34404  34317  34598  34520  34514  34577  34519  34499  34501  34606  34400  34401  34193  38286  39917  33617  33145  33585  34389 ]
AB=[	0 0  0  0  0  0  0  0  0  0  0  0  0  0  0  0  0  0  0  0  0  0  0  0  0  0  0  0  0  0  0  0  0  0  0  0  0  0  0  0  0  0  0  0  0  0  0  0  0  0  4323  38930  38906  38936  38890  38763  39192  39013  39066  39132  39087  39039  39061  39165  38926  38890  38669  43316  45138  36990  35360  37872  38963 ]
LR=[	2184 66218  73363  72581  73935  73715  73874  72747  73371  73574  73621  73974  73744  73407  73387  72800  73409  73599  73525  81073  77834  76594  74945  74630  73379  73553  73919  74231  72957  73822  73559  74793  73646  74565  74874  77206  74760  76261  76325  76607  74176  74531  73893  73390  73185  73555  73358  73568  73392  367  5087  43802  43783  43797  43805  43635  44106  43920  43968  44025  43927  43942  43931  44083  43800  43799  43514  48727  50593  43390  40250  42699  43785 ]
LB=[	0 0  0  0  0  0  0  0  0  0  0  0  0  0  0  0  0  0  0  0  0  0  0  0  0  0  0  0  0  0  0  0  0  0  0  0  0  0  0  0  0  0  0  0  0  0  0  0  0  0  3238  29371  29289  29342  29357  29255  29542  29431  29470  29503  29468  29402  29414  29557  29362  29366  29168  32650  34133  27868  26138  28305  29326 ]
F=[	0 0  0  0  0  0  0  0  0  0  0  0  0  0  0  0  0  0  0  0  0  0  0  0  0  0  0  0  0  0  0  0  0  0  0  0  0  0  0  0  0  0  0  0  0  0  0  0  0  0  24  24  24  24  24  24  24  24  24  24  24  24  24  24  24  24  24  24  24  24  24  24  24 ]
X=[	                                                                                                                                                ]
