T=[3727 5849  7960  10007  12042  14058  16063  18085  20104  22123  24150  26215  29297  31948  34156  36288  39461  41891  44013  46678  49173  51957  53986  56036  58068  60080  62095  64212  66593  68663  70718  72804  75001  77167  79235  81304  83358  85493  88126  90595  93060  95097  97173  99649  101659  103736  105755  107763  109773  111788  113796  115803  117812  119815  121824  123829  125846  127852  129860  131867  133872  135879  137885  139915  141949  143990  146022  148029  150034  152041  154049  156054  158063  160069  162087  164093  166099  168144  170156  172162  174193  176217  178257  180612  182631  184643  186659  188673  190695  192916  195288  197319  199364 ]
C=[	9788600.0 4.20274E7  4.08433E7  4.05967E7  4.09466E7  4.0389E7  4.0459E7  4.08719E7  4.07718E7  4.0754E7  4.00602E7  4.02301E7  5.72094E7  5.02749E7  4.27105E7  4.2338E7  6.15807E7  4.53094E7  4.103E7  3.69101E7  4.28071E7  5.45627E7  4.01711E7  4.06406E7  4.09831E7  4.06054E7  4.07724E7  4.21261E7  4.68717E7  4.11059E7  4.08605E7  4.15162E7  4.30776E7  4.02587E7  4.10102E7  4.11999E7  4.07062E7  3.87693E7  4.88642E7  4.70367E7  4.84154E7  4.03888E7  4.09E7  4.9338E7  7032100.0  0.0  0.0  0.0  0.0  0.0  0.0  0.0  0.0  0.0  0.0  0.0  0.0  0.0  0.0  0.0  0.0  0.0  0.0  0.0  0.0  0.0  0.0  0.0  0.0  0.0  0.0  0.0  0.0  0.0  0.0  0.0  0.0  1.1018956397637978  1.1084758322162545  1.1085450410101692  1.1104456772177016  1.109358397189817  1.1082751014744634  1.108336667196901  1.1092898404558664  1.1095763748593062  1.1088184482183665  1.1088858189858533  1.108180041809268  1.1075675079770027  1.1083801394897401  1.1084735707249846  1.1079185397414908 ]
AR=[	17773 75979  73727  73092  74313  72995  73113  73917  73655  73618  72345  72657  103283  90795  77220  76538  111168  81820  74210  67483  77881  97159  75360  73480  74069  73400  73682  76095  84693  74274  73811  75048  77825  72707  74113  74483  73551  70044  88437  85072  87573  72985  73886  89112  12638  0  0  0  0  0  0  0  0  0  0  0  0  0  0  0  0  0  0  0  0  0  0  0  0  0  0  0  0  0  0  0  0  0  0  0  0  0  0  0  0  0  0  0  0  0  0  0  0 ]
AB=[	0 0  0  0  0  0  0  0  0  0  0  0  0  0  0  0  0  0  0  0  0  0  0  0  0  0  0  0  0  0  0  0  0  0  0  0  0  0  0  0  0  0  0  0  0  0  0  0  0  0  0  0  0  0  0  0  0  0  0  0  0  0  0  0  0  0  0  0  0  0  0  0  0  0  0  0  0  16242  72145  72532  72651  70310  72602  81662  72788  71174  73379  73104  71233  77012  75964  71704  73055 ]
LR=[	18616 75684  73443  72945  74093  72788  72908  73698  73444  73436  72186  72390  102816  90301  76952  76354  110876  81647  73926  63967  75468  96878  75093  73294  73845  73211  73431  75994  84398  74096  73563  74853  77634  72421  73838  74177  73574  70558  89346  84923  86863  72666  73592  88811  12610  0  0  0  0  0  0  0  0  0  0  0  0  0  0  0  0  0  0  0  0  0  0  0  0  0  0  0  0  0  0  0  0  0  0  0  0  0  0  0  0  0  0  0  0  0  0  0  0 ]
LB=[	0 0  0  0  0  0  0  0  0  0  0  0  0  0  0  0  0  0  0  0  0  0  0  0  0  0  0  0  0  0  0  0  0  0  0  0  0  0  0  0  0  0  0  0  0  0  0  0  0  0  0  0  0  0  0  0  0  0  0  0  0  0  0  0  0  0  0  0  0  0  0  0  0  0  0  0  0  16146  71883  72250  72489  70024  72209  81391  72610  70867  72983  72762  70970  76686  75712  71513  72794 ]
F=[	0 0  0  0  0  0  0  0  0  0  0  0  0  0  0  0  0  0  0  0  0  0  0  0  0  0  0  0  0  0  0  0  0  0  0  0  0  0  0  0  0  0  0  0  0  0  0  0  0  0  0  0  0  0  0  0  0  0  0  0  0  0  0  0  0  0  0  0  0  0  0  0  0  0  0  0  0  59  59  59  59  59  59  59  59  59  59  59  59  59  59  59  59 ]
X=[	                                                                                                                                                                                        ]
