T=[1961 2981  4460  5513  6556  7761  9531  11341  12651  14425  16889  18927  20277  22187  23430  24884  25951  27443  28982  30912  31934  32972  33996  35006  36037  37372  38607  40592  41675  42733  43760  44803  45840  46962  48003  49077  50180  51344  52367  54199  56832  58968  60281  61307  62539  63560  64622  65843  66871  67896  68920  69947  71176  72198  73227  74249  75275  76304  77325  78339  79366  80391  81416  82443  83468  84502  85529  86555  87582  88607  89632  90683  91710  92731  94163  95187  96213  97246  98263  99288 ]
C=[	164100.0 1.08494E7  1.25223E7  8228700.0  7630300.0  6255400.0  5390100.0  6199900.0  6173100.0  8067000.0  6565600.0  7787900.0  7322500.0  8639000.0  8450200.0  6451600.0  5611100.0  7592000.0  1.0328E7  7470900.0  8623000.0  9138800.0  1.01919E7  1.02507E7  8895800.0  1.13872E7  1.00678E7  7851900.0  4843400.0  9561000.0  9864000.0  7350900.0  1.01969E7  1.16648E7  1.0274E7  9328800.0  1.00998E7  1.12896E7  1.07149E7  1.10847E7  7146700.0  6987600.0  6957400.0  7707700.0  9651600.0  8687900.0  8759400.0  9708300.0  8724900.0  9057900.0  9363400.0  1.05555E7  1.641026990748661  0.573534107265733  0.5774712262045195  0.5837996003350948  0.5844172741378264  0.5843404844391198  0.5740864880587171  0.5736394336027165  0.5629546241409179  0.5618093158275651  0.5629999736015195  0.5626937168943568  0.5650083375155823  0.5639393669892466  0.5607395738782393  0.5494631019747626  0.545008581929393  0.5497512172881543  0.5469743675750101  0.5425679956195987  0.5464203489632578  0.5458142517285827  0.552838554762194  0.5548012910860891  0.5406457074324152  0.5440989977402146  0.5379541801770158  0.5409824369797034 ]
AR=[	160 19776  22679  14842  13780  11304  9842  11226  11221  14544  11839  14115  13218  15581  15188  11695  10253  14054  19137  13470  15629  16649  18513  18616  16148  20711  18279  14258  8786  17392  17908  13434  18485  21194  18645  16927  18391  20574  19519  20114  12914  12593  12486  13875  17416  15619  15827  17516  15795  16429  16935  19047  1221  0  0  0  0  0  0  0  0  0  0  0  0  0  0  0  0  0  0  0  0  0  0  0  0  0  0  0 ]
AB=[	0 0  0  0  0  0  0  0  0  0  0  0  0  0  0  0  0  0  0  0  0  0  0  0  0  0  0  0  0  0  0  0  0  0  0  0  0  0  0  0  0  0  0  0  0  0  0  0  0  0  0  0  6839  17570  18794  19111  19599  19273  20422  20933  23771  23807  23865  23846  17913  18103  16867  18822  19174  19718  19915  20473  21079  21467  25275  17390  18452  20794  20327  18642 ]
LR=[	116 19567  21944  15041  14195  11323  8598  11204  11164  14330  11795  14772  14162  16026  14172  11552  11014  14468  19312  13424  15893  17443  19193  19181  16231  20317  18426  14400  8647  17172  18042  13519  18391  20716  18482  17254  18468  20732  19581  20199  11154  13079  12511  13095  17402  15937  15680  16866  15619  17062  18538  20163  6015  12017  12958  13239  13744  13727  14301  14559  16074  16104  16104  16104  11965  12984  12407  13967  14184  14358  14641  15499  15363  15286  17725  11917  12918  14641  14458  13225 ]
LB=[	0 0  0  0  0  0  0  0  0  0  0  0  0  0  0  0  0  0  0  0  0  0  0  0  0  0  0  0  0  0  0  0  0  0  0  0  0  0  0  0  0  0  0  0  0  0  0  0  0  0  0  0  2343  5687  6152  6326  6558  6445  6736  6944  7971  7962  7985  7980  6050  6243  5872  6442  6562  6773  6815  7056  7234  7319  8544  5609  6070  6842  6653  6082 ]
F=[	0 0  0  0  0  0  0  0  0  0  0  0  0  0  0  0  0  0  0  0  0  0  0  0  0  0  0  0  0  0  0  0  0  0  0  0  0  0  0  0  0  0  0  0  0  0  0  0  0  0  0  0  90  90  90  90  90  90  90  90  90  90  90  90  90  90  90  90  90  90  90  90  90  90  90  90  90  90  90  90 ]
X=[	                                                                                                                                                              ]
