T=[2309 4320  6350  8380  10392  12410  14446  16489  18535  20555  22580  24616  26630  28653  30674  32692  34724  36760  38855  41005  43136  45223  47255  49365  51395  53444  55461  57492  59507  61527  63542  65553  67601  69634  71676  73730  75829  77939  80045  82126  84165  86202  88265  90299  92330  94361  96395  98444  100774  102780  104797  106807  108813  110820  112827  114833  116846  118858  120867  122875  124891  126906  128920  130939  132950  134959  136972  139242  141326  143479  145570  147602  149627 ]
C=[	4817900.0 3.47354E7  4.08119E7  4.09405E7  4.05237E7  4.06214E7  4.07795E7  4.10085E7  4.11377E7  4.05763E7  4.08053E7  4.06031E7  4.0669E7  4.07726E7  4.07089E7  4.06847E7  4.08562E7  4.10243E7  4.20642E7  3.99922E7  4.01609E7  4.09747E7  4.06827E7  4.23609E7  4.0917E7  4.13329E7  4.06462E7  4.08957E7  4.05954E7  4.07988E7  4.0539E7  4.05056E7  4.12836E7  4.09373E7  4.10844E7  4.10398E7  4.18256E7  4.09912E7  4.08537E7  4.08196E7  4.08685E7  4.10145E7  4.15061E7  4.10617E7  4.07123E7  4.09782E7  4.09871E7  4.13316E7  32.54169986215967  2.085537669531426  2.081699571943958  2.0811608729367586  2.0808623050202004  2.0821247930363147  2.082997955014473  2.082844853720769  2.083086447643738  2.080417153692381  2.0823866445683255  2.081596630293104  2.0812418364152556  2.0823547206501583  2.0825322883049573  2.083346557720353  2.0852165146205563  2.0823587561566628  2.0850857740052513  2.0657575799745853  2.09615912919402  2.099437654415529  2.0966245304966855  2.0841932496978246  2.0822908392003594 ]
AR=[	8772 62739  73805  74102  73279  73428  73829  74143  74330  73345  73740  73403  73536  73721  73612  73571  73896  74165  75989  72533  72846  74178  73625  76619  74014  74749  73484  73957  73397  73777  73296  73238  74675  74051  74299  74231  75689  74196  73914  73899  73903  74165  75097  74273  73647  74117  74112  74708  57440  5488  5565  5600  5595  5592  5600  5577  5616  5607  5600  5594  5611  5617  5620  5619  5611  5583  5583  4859  5358  5691  5760  5623  5646 ]
AB=[	0 0  0  0  0  0  0  0  0  0  0  0  0  0  0  0  0  0  0  0  0  0  0  0  0  0  0  0  0  0  0  0  0  0  0  0  0  0  0  0  0  0  0  0  0  0  0  0  10280  65959  67087  67483  67423  67385  67399  67258  67592  67647  67450  67429  67625  67634  67646  67741  67428  67230  67085  59655  61554  66011  67819  67618  67968 ]
LR=[	8450 62524  73613  73872  73086  73215  73628  73928  74138  73129  73575  73186  73297  73551  73413  73335  73685  73915  75854  73600  72851  73905  73396  76404  73824  74562  73259  73762  73198  73547  73142  73058  74525  73866  74110  74015  75486  74337  73653  73505  73485  73920  74855  73988  73424  73907  73945  74510  63822  48169  48874  49193  49136  49134  49163  49059  49308  49263  49192  49164  49286  49320  49332  49427  49263  49064  48932  46913  46568  47602  49808  49493  49548 ]
LB=[	0 0  0  0  0  0  0  0  0  0  0  0  0  0  0  0  0  0  0  0  0  0  0  0  0  0  0  0  0  0  0  0  0  0  0  0  0  0  0  0  0  0  0  0  0  0  0  0  3659  23453  23818  23962  23899  23907  23949  23849  24018  23978  23932  23923  23981  24030  24003  24070  24000  23886  23830  21489  21649  24260  24283  24109  24141 ]
F=[	0 0  0  0  0  0  0  0  0  0  0  0  0  0  0  0  0  0  0  0  0  0  0  0  0  0  0  0  0  0  0  0  0  0  0  0  0  0  0  0  0  0  0  0  0  0  0  0  28  28  28  28  28  28  28  28  28  28  28  28  28  28  28  28  28  28  28  28  28  28  28  28  28 ]
X=[	                                                                                                                                                ]
